Equity = 1011.1099999999999
Reward = 72.22214285714286
Actions = [(1, 7), (2, 6), (1, 1), (1, 3), (1, 4), (2, 0), (1, 4), (1, 5), (2, 1), (2, 9), (1, 7), (2, 8), (0, 8), (1, 0), (1, 6), (2, 5), (0, 3), (2, 2), (1, 1), (2, 5), (2, 6), (2, 9), (2, 1), (2, 1), (1, 2), (1, 9), (1, 1), (0, 4), (2, 7), (0, 2), (1, 6)]
